0 -> (0, 10)
1 -> (0, 9)
2 -> (0, 8)
3 -> (0, 7)
4 -> (0, 6)
5 -> (0, 5)
6 -> (0, 4)
7 -> (0, 3)
8 -> (0, 2)
9 -> (0, 1)

10 -> (0, 0)
11 -> (1, 0)
12 -> (2, 0)
13 -> (3, 0)
14 -> (4, 0)
15 -> (5, 0)
16 -> (6, 0)
17 -> (7, 0)
18 -> (8, 0)
19 -> (9, 0)

20 -> (10, 0)
21 -> (10, 1)
22 -> (10, 2)
23 -> (10, 3)
24 -> (10, 4)
25 -> (10, 5)
26 -> (10, 6)
27 -> (10, 7)
28 -> (10, 8)
29 -> (10, 9)

30 -> (10, 10)
31 -> (9, 10)
32 -> (8, 10)
33 -> (7, 10)
34 -> (6, 10)
35 -> (5, 10)
36 -> (4, 10)
37 -> (3, 10)
38 -> (2, 10)
39 -> (1, 10)